AU200_AUD,1.0,0.161361234572,0.632369354197,0.608009600423,0.599584395193,0.0514801371632,0.418661942832,0.616351661975,0.668891597768,0.519639204674,0.529321331306,0.604501299372,0.241103143214,0.734497406607,-0.105199830679,0.160194041647,-0.584501212465,0.197333185295,-0.250619740571,0.75042479703,0.795761901944,-0.690572627038,-0.60156963589,-0.325242951993,-0.0231054953863,-0.20749096942,-0.478737267222,-0.264172192482,-0.381164006991,-0.0303827049732,-0.552784710161,-0.677501548486,-0.389549784416,-0.45878037071,-0.612848842062,-0.596911682311,-0.227327829105,-0.635489501907,0.784291897243,-0.434502068867,-0.334841666613,0.309746095519,0.313183850105,0.373483735816,-0.353749094515,0.16735934721,-0.164316935095,0.349530766959,-0.461214874735,0.843298639661,0.256864662173,0.688431665018,0.609328205758,0.0276360206353,0.780046439254,0.07550899276,0.657876551986,0.486506779673,0.570960197175,0.276995023984,0.501001393202,0.817768762173,0.522100336444,0.510627080849,0.553242856805,0.553013321182,0.74946841308,0.582624324071,0.568660125663,0.831647061027,-0.4732121989,0.730858072002,0.737289054577,-0.349482220888,-0.401711338177,-0.409593904551,-0.355427235716,-0.539822336818,0.0603799506783,-0.422005801438,0.218879674052,0.212012153162,-0.408533161797,0.0585749810301,-0.712077216418,0.215199586871,-0.742629055767,-0.241633669651,-0.0668092153,0.0709167181381,0.0115915452778,-0.542015609184,-0.61684903067,-0.610704379374,-0.535996801565,0.127895400727,0.680878779568,0.0769507252177,0.148209478056,0.41482290364,0.494869654915,0.27933646236,0.344379892088,0.462231748119,0.0983435232974,0.216826500419,0.358639592454,-0.31117735714,-0.276784675086,0.139876531917,0.244886464754,-0.067391022634,0.059848158835,0.24709023901,-0.30474871036,-0.150994219196,0.0806283262085,-0.437851919978,0.516005411865,0.552018101715,0.342565592433,0.632001528653
AUD_CAD,0.161361234572,1.0,0.335431400226,0.486699806404,0.5373425785,0.0848091228284,0.539585145997,0.477205167236,-0.310887126392,-0.359711454355,-0.304231193971,-0.0342103046258,-0.555858637003,0.104227805213,0.147584176169,0.500434857414,0.19325536835,-0.0699938551347,-0.0281914887064,0.127295628963,0.0889698690708,-0.358960489661,0.291457975642,-0.15243091673,-0.0885172545508,0.183840099759,0.0511131709797,0.0674254540063,0.116632036935,0.37911761143,0.180789030509,-0.313497501372,-0.212089456089,-0.131677383457,-0.0605166376376,-0.0778286919988,0.0775643839754,0.143783223528,0.0465125731504,-0.523981441411,0.349686848688,-0.12320268,0.0126283979765,0.226855424491,-0.399148018185,-0.186808886243,-0.150302685157,0.025237533078,0.134636518329,0.222715608632,0.304615194918,0.247989422774,0.241304799511,-0.157876877379,0.0650727730221,0.632096002465,0.29541192151,0.358831182418,0.487204726338,0.337644609991,0.357348829452,0.158875439304,-0.0113015813079,0.183263914097,0.376987172248,0.00287964452778,0.202850158648,0.069345984589,0.271049505724,0.116738548635,0.0163838867849,0.104919333809,0.196388809622,-0.249978252345,-0.129582656712,-0.114422643134,0.12608467482,0.287396559016,-0.149426729262,0.177406905099,-0.0834175079968,-0.0699052949081,-0.112706030858,-0.0276746344732,-0.25181774609,0.291848079664,-0.0971620011747,0.0723195518947,-0.196870445246,0.218116715969,-0.139688382655,-0.188942218197,-0.10082573626,-0.164815433953,0.103334741666,-0.0150533528679,-0.264050731196,-0.47804121462,-0.126374754203,-0.315343013299,-0.291002222741,-0.267721807429,-0.237051097819,-0.137105006722,-0.486518030184,-0.306585372635,-0.232820093378,-0.522435474266,-0.0686958115895,-0.374384612301,-0.32360367674,-0.242511234214,-0.245989377579,-0.111500707932,-0.505984746675,-0.331299715459,-0.239477472802,0.0743689822823,-0.107124507234,0.00482134688373,-0.186364698601,0.024985706447
AUD_CHF,0.632369354197,0.335431400226,1.0,0.674674265033,0.844687766113,0.51653386696,0.721577239294,0.670806436769,0.476734360766,0.758085718494,0.452126851265,0.773708609787,0.343654386385,0.74225104045,-0.496340077711,0.0622557199604,-0.666430038288,0.02387604701,0.0317990687207,0.731980119186,0.772079569285,-0.933718834068,-0.737905300353,-0.076167585195,-0.15142202309,-0.0892415474932,-0.649895629936,-0.519610634197,-0.450179684066,0.0182695607974,-0.639300922345,-0.586860072692,-0.370979032199,-0.420551192197,-0.70337400916,-0.680031231134,-0.494358800299,-0.65097605391,0.769755054536,-0.589014955614,-0.340283204591,0.59135083453,0.200139131792,0.550192758286,-0.100144431315,0.324783701209,-0.0617371458995,0.225230517084,-0.371362077277,0.633389311242,0.596821453859,0.820144274288,0.624829219499,-0.0809203041034,0.790719891203,-0.167964128775,0.654557300524,0.19621082974,0.513838044199,0.0620434868163,0.209315349264,0.486825171042,0.775309433262,0.28142545518,0.684280226669,0.232948826984,0.693809755605,0.316849150037,0.683179858034,0.724534390984,-0.288847694226,0.691204088623,0.655641108502,-0.42499086044,-0.418807332809,-0.386370280959,-0.230831502905,-0.460189438302,0.459491643979,-0.278524995456,0.484813791366,0.487549353435,-0.277868131891,0.302094073229,-0.37775070538,0.56654002043,-0.665939701609,-0.0578431813017,0.168331472831,0.112001061817,0.310483842525,-0.302962259095,-0.420263978747,-0.518991209551,-0.412831624551,0.0829158926068,0.423002306391,-0.320356814202,-0.22814250443,0.196521801899,0.216571544697,-0.0701168626422,-0.00111370253452,0.21706400558,-0.128369555757,-0.0860331900283,0.00866955421115,-0.601321341774,-0.521549084393,0.0744902848465,0.099213423866,-0.276865015828,-0.204414226789,0.123462327465,-0.357315277949,-0.333814474255,-0.1894012879,-0.203750423974,0.100680012192,0.166697203333,-0.134012962392,0.659426040791
AUD_HKD,0.608009600423,0.486699806404,0.674674265033,1.0,0.818338824572,0.240108342172,0.79208792942,0.997814510261,0.553570478175,0.33281876751,0.683926208843,0.643207743815,0.253197483813,0.424195689269,0.305628512417,0.503856351139,-0.544296754452,0.184929912106,0.0331174402888,0.469404599978,0.500729684527,-0.701732145403,-0.397239951991,-0.244115041252,-0.063843576791,-0.279856408793,-0.151706488927,0.175213061036,-0.295566605669,0.333779293445,-0.424404804978,-0.551078041985,-0.47717347227,-0.259942353467,-0.331293922406,-0.375667781321,0.216448878693,-0.577281502509,0.522091762626,-0.774050266036,-0.402567216647,0.0252502218675,0.440678448878,0.361016616783,-0.496525660159,-0.182772844441,-0.233223174411,0.478907904194,-0.590309282758,0.726678962241,0.135071970371,0.516105454541,0.546593713964,-0.126948762476,0.575016926571,0.154044674974,0.536939626343,0.681904391138,0.66731145513,0.381733912378,0.69518446824,0.667795141927,0.243275434276,0.72969056659,0.5932844067,0.431142450376,0.684124643057,0.299016035973,0.537427951665,0.683303479102,-0.0610405800128,0.65085748757,0.681389698688,-0.0679063749168,-0.040859872594,-0.0311167591019,0.137948179155,-0.693977982853,-0.342654672559,-0.356259165012,-0.226728345534,-0.225305304351,-0.459368611098,-0.342385060342,-0.632074124705,0.0890258610117,-0.697991420746,-0.551147711883,-0.485552718032,0.00467038638066,-0.349734840373,-0.753970299192,-0.658668000057,-0.658476074998,-0.701053615546,0.157693609626,0.487617061943,-0.119119849798,0.0651009348131,0.237291060287,0.295457942265,0.230946981877,0.334952086027,0.405960625108,-0.0277208681354,0.144007067833,0.351157305566,-0.405879956872,-0.210518513328,0.0571216987236,0.135836924223,0.0246258969086,0.211192885491,0.357584485645,-0.299983285454,-0.0800552426368,0.234219473518,-0.288802248053,0.39038297013,0.519657493104,0.308329046982,0.737758485667
AUD_JPY,0.599584395193,0.5373425785,0.844687766113,0.818338824572,1.0,0.341936679612,0.7638015992,0.813473179916,0.431114179844,0.466493399668,0.44165755417,0.824327277073,0.168105125965,0.628510138687,-0.125381528561,0.586580905023,-0.483153474051,0.129992230506,-0.0801019066161,0.653453904453,0.690152030833,-0.818381105621,-0.484206113687,-0.140204010757,-0.151932126874,-0.0878666551707,-0.482082798992,-0.191308395626,-0.23901536986,0.466741424448,-0.435820399931,-0.597187734393,-0.411835734644,-0.357785710247,-0.510232791612,-0.559554045714,-0.160767071652,-0.494677297889,0.68138885427,-0.601858544598,-0.166194828847,0.397919200899,0.405434864539,0.733090656021,-0.257354232041,0.151398521435,-0.0330250178553,0.430667288719,-0.290413635177,0.700622649615,0.679819077445,0.819403215164,0.66157423138,-0.165131455431,0.706589885558,0.112003578476,0.637410035084,0.452501938621,0.785574190591,0.265205281166,0.463145132272,0.551872077656,0.514548538349,0.467659037965,0.877989079037,0.275131768176,0.733244840329,0.385363316839,0.799519589039,0.67033526077,-0.299826443592,0.667062352096,0.722431561826,-0.34135842137,-0.336274946142,-0.330334539603,-0.128280205738,-0.453466018682,0.0933219399187,-0.244723383458,0.150483844008,0.158480433654,-0.338825603626,0.0606021778311,-0.523955415963,0.643172670771,-0.651858340025,-0.203428485086,-0.129647198574,0.0188414130399,-0.00114804735609,-0.487617302656,-0.509436379893,-0.616059009117,-0.423815809492,0.229553014233,0.392815794544,-0.336942238232,-0.160564754783,0.101853718215,0.133275583509,-0.081629789045,0.0483072043256,0.304570047116,-0.223421248901,-0.0867019935009,0.0601965216843,-0.683992259079,-0.507324213689,-0.151298865108,-0.105589660365,-0.357823815668,-0.200842324888,0.187311234377,-0.538987673358,-0.404636325095,-0.182893531099,-0.284873075202,0.192091818119,0.367830553932,-0.0376343511419,0.704630629784
AUD_NZD,0.0514801371632,0.0848091228284,0.51653386696,0.240108342172,0.341936679612,1.0,0.347817233622,0.236397289922,0.235484194716,0.447379294304,0.183917192816,0.341260565581,0.24342275594,0.122017337652,-0.384967713122,-0.149685355672,-0.231569012154,0.0306595024111,0.00213669429835,0.156487178028,0.157370430358,-0.396629788473,-0.357229044246,0.177386375538,-0.00686101668982,-0.112775727716,-0.194836497525,-0.284641562514,-0.13686091667,-0.0390736342594,-0.371190255732,0.318114953522,-0.24533212192,-0.349828889359,-0.275501935179,-0.163264808968,-0.2792636015,-0.174695877383,0.135380459145,-0.335433608332,-0.294785378959,0.26726829616,-0.115486357817,0.132158286768,0.533047441922,0.00368702211692,-0.102609491636,-0.104499428475,-0.0862781108064,0.00561439386168,0.279407101138,0.248764739776,0.0811610370633,0.164389268808,0.208612587171,-0.718177089834,-0.308937618576,-0.545922669937,-0.31253534473,-0.692128632474,-0.528693097325,-0.0287847594902,0.421075834554,-0.00585062130723,0.230221718546,-0.0367977161626,0.0876180135016,0.0343577709933,0.138704251819,0.0990742245708,-0.0273296026091,0.236392973204,0.0517028151127,-0.313261007716,-0.270781545028,-0.263087902559,-0.248158670222,-0.183274493405,0.37135717901,-0.130108134407,0.281815092549,0.275960621237,-0.0563706740492,0.221711339438,0.0521536146106,0.272257810382,-0.197802671827,-0.0407670629552,0.073112818236,0.0223241045775,0.123787775562,0.000767655146934,-0.0597589209163,0.00119032949855,-0.0336730820044,-0.027279183467,0.263095244121,-0.416692242628,-0.439985101053,-0.163742783725,-0.206938631934,-0.290736496262,-0.292511039447,-0.210595839748,-0.0121024446845,-0.31246429658,-0.290358117568,-0.361282808372,-0.3816800615,-0.0384297693114,-0.0949912694608,-0.180049424948,-0.238471712586,-0.127728687037,0.157597985821,-0.247816417522,-0.234848644944,0.191146193013,-0.0218416276356,-0.133398290077,-0.380693970883,0.151709158582
AUD_SGD,0.418661942832,0.539585145997,0.721577239294,0.79208792942,0.7638015992,0.347817233622,1.0,0.794199831443,0.32465835275,0.341391504682,0.412571733701,0.543154774133,0.399681120383,0.433037119191,0.00391268497911,0.335326890696,-0.413398537613,-0.0386544058764,-0.0233230323558,0.356840996653,0.426920249339,-0.686843361544,-0.34675983706,-0.0897389747205,-0.0712277700514,-0.0319611632036,-0.241547058949,-0.0405116141751,-0.171661415144,0.263356745704,-0.219571086841,-0.45870954655,-0.41010695441,-0.280339516829,-0.14707392303,-0.269939801362,-0.00307758553565,-0.414493234784,0.450166806771,-0.668227202315,-0.235618972076,0.184381199954,0.272799634719,0.384114180168,-0.310259261316,-0.0611014145792,0.118022965731,0.311415098024,-0.344477581715,0.50308401518,0.306967191104,0.558784872985,0.382502961292,-0.0706040360649,0.448661766279,0.10421862318,0.4907586382,0.420784956704,0.540276965341,0.435570760268,0.437391916332,0.3697428664,0.122370092595,0.160717672649,0.361885052034,0.129202571159,0.514404836037,0.195207932874,0.400838754281,0.546244478221,-0.0835464351296,0.525151764985,0.479224487382,-0.275274840077,-0.198565617682,-0.157628311065,0.0837083323785,-0.431208505422,-0.0433506154348,0.0258039225161,-0.00322159571536,0.00125844262038,-0.41693637946,-0.0707764916202,-0.37261160696,0.264208189148,-0.538518291296,-0.17971911517,-0.262487137754,0.181910819309,-0.131575893624,-0.201847352138,-0.197708002207,-0.355622247089,-0.425072394084,0.111129727454,0.279428965879,-0.222320824356,-0.0301768348662,0.15294062029,0.175179542898,0.07090413837,0.14395028647,0.266014972663,-0.0946088868153,0.109579809141,0.158675145294,-0.454503674599,-0.237220511217,0.0313864229368,0.0607458225485,-0.0847114774079,0.0272182625426,0.233069664962,-0.29366361735,-0.0349313556159,0.0486846905767,-0.186482064027,0.122308618681,0.332329959738,0.0404355267536,0.53566537325
AUD_USD,0.616351661975,0.477205167236,0.670806436769,0.997814510261,0.813473179916,0.236397289922,0.794199831443,1.0,0.570256716299,0.335613329846,0.689520234769,0.643782900525,0.265812637134,0.431259245237,0.30842894436,0.50101686486,-0.546705935518,0.16443750353,0.00606386344536,0.482425399661,0.511162215353,-0.706501562431,-0.408499297445,-0.26863097089,-0.059491682235,-0.289998341573,-0.161711483609,0.165824135306,-0.277168971028,0.317747922997,-0.411339621198,-0.559239814253,-0.517126963508,-0.280871014804,-0.336327812037,-0.374838939122,0.212271883368,-0.585509661386,0.532096091148,-0.770499147427,-0.407618742242,0.0237285798033,0.441625756101,0.357680025502,-0.496788409121,-0.199396707426,-0.226885896256,0.486425064841,-0.593719476984,0.740523302162,0.129797792584,0.521939749606,0.568271508101,-0.133479069691,0.580418285111,0.150346294225,0.535559005994,0.682479388238,0.664433910264,0.386633213639,0.699443501476,0.687876187775,0.235648662107,0.723673212544,0.584703039372,0.413445625839,0.702913495433,0.315313480405,0.528547091138,0.691780743474,-0.0802637671925,0.678356119838,0.700969529888,-0.0995227448365,-0.0724866890258,-0.0612083502315,0.109869851756,-0.704250091717,-0.350243062361,-0.356893006171,-0.221660918178,-0.22094667917,-0.51700889016,-0.330045931877,-0.641345036977,0.0780950683565,-0.720787237877,-0.536331769965,-0.507115428375,0.0182131254257,-0.354847432671,-0.755250725141,-0.642689023517,-0.654442828556,-0.707373571016,0.143082772249,0.508934083618,-0.131534363971,0.0472142337988,0.222518665748,0.285671774305,0.216386549896,0.322419290793,0.390492962273,-0.0432802438021,0.132290241274,0.340688120636,-0.409583257505,-0.220061845456,0.0493446559572,0.136278797592,0.0193595675911,0.206224978754,0.34743826494,-0.306378846229,-0.0828862948939,0.232266280425,-0.274845909919,0.402172592708,0.52660055222,0.317087007885,0.738388049635
BCO_USD,0.668891597768,-0.310887126392,0.476734360766,0.553570478175,0.431114179844,0.235484194716,0.32465835275,0.570256716299,1.0,0.690971441486,0.863034448103,0.719916214016,0.66190506799,0.493704189125,0.0306504064056,0.0775756959108,-0.674018700494,0.348122593505,-0.227319046527,0.514776667988,0.578292765457,-0.497157498555,-0.715646958735,-0.190383356535,0.117281049229,-0.430320395635,-0.331124847414,-0.0642957879474,-0.310335355943,-0.0311013461553,-0.613396166507,-0.343473271714,-0.386271676477,-0.427769232996,-0.428145584022,-0.39202922886,-0.0200655453856,-0.686308618299,0.611073740752,-0.327387943968,-0.654394817297,0.228749004068,0.374240780757,0.250013128113,-0.103374955708,0.0394740940358,-0.11901821403,0.41826346764,-0.608072309532,0.652484468045,0.0364640097414,0.46710910995,0.448983643076,-0.000432574625557,0.612842275392,-0.396832884787,0.32183519589,0.29747438662,0.277548128076,0.0248605231337,0.322001315468,0.676144908126,0.383841472162,0.527431161216,0.377815532827,0.48813663787,0.600413729587,0.431031262205,0.367466088561,0.662982564285,-0.345969785695,0.712576859809,0.613130839595,-0.143429643463,-0.231496940083,-0.250575161234,-0.299346137528,-0.871061539444,-0.0805096256475,-0.555580956165,0.0243399549442,0.00348517812429,-0.491921954463,-0.114357355923,-0.5325379926,-0.0123100676268,-0.728437535686,-0.482216332766,-0.236003533125,-0.136682988842,-0.185970519285,-0.567134932749,-0.529609317083,-0.498009659582,-0.690874982426,0.227345756841,0.953378151399,0.197320142145,0.0901997301258,0.458495226216,0.510712454269,0.361124398411,0.435745037533,0.476629703157,0.315545398224,0.309768867721,0.452889074191,-0.117887324851,-0.307367219497,0.250791633905,0.311776055858,0.0712736125033,0.231298901401,0.319715291171,-0.000595794551921,0.0219056815754,0.255901741898,-0.389283154616,0.627061893063,0.631997717114,0.414851143146,0.6835822852
CAD_CHF,0.519639204674,-0.359711454355,0.758085718494,0.33281876751,0.466493399668,0.447379294304,0.341391504682,0.335613329846,0.690971441486,1.0,0.660135168967,0.792367891967,0.72544081622,0.66901781529,-0.591747734415,-0.280763998804,-0.794242689539,0.0799565411772,0.0434319923399,0.641136281962,0.707745943049,-0.677614178166,-0.93339093682,0.0268889781558,-0.0887612946075,-0.215248161284,-0.68211675511,-0.560982375214,-0.526795588626,-0.242422566578,-0.758992704945,-0.369627553872,-0.219352106806,-0.326094484338,-0.656105671872,-0.621349490624,-0.542852651509,-0.745541049315,0.734822119587,-0.219140292609,-0.577046418863,0.672630133257,0.194244849996,0.391800358142,0.173893009875,0.454721809334,0.0453268825025,0.210378693305,-0.460726030811,0.478671577723,0.381746504866,0.644904075202,0.454517976318,0.0260469733239,0.740940192081,-0.599264229711,0.448441674719,-0.0485849815258,0.177163642037,-0.166755201155,-0.0346165914511,0.376724021034,0.775389736607,0.154117327142,0.41944768174,0.238215374902,0.550331890649,0.264904800654,0.491437177067,0.640494438358,-0.305839140984,0.615297597377,0.516876579251,-0.252103032395,-0.330172463348,-0.308576584082,-0.319466012301,-0.656301449855,0.556532762883,-0.400496299633,0.537507391805,0.530877454439,-0.198776500548,0.317886492163,-0.203473658019,0.36043327764,-0.593480620411,-0.108291199364,0.303456617538,-0.0432177428134,0.403446091337,-0.171725173188,-0.347924664991,-0.402540591244,-0.482030001329,0.0978318132568,0.605131630052,0.0198405822139,-0.131410543238,0.419468612778,0.423271109628,0.121704203282,0.169693729822,0.317511731081,0.214015598396,0.13351005077,0.176504721063,-0.234475713469,-0.46934085075,0.332565947961,0.32293541695,-0.107607429444,-0.0315048538155,0.201308102467,-0.00712613087932,-0.101598653766,-0.0210623242308,-0.262052555518,0.180565375053,0.16731567907,0.0020240056508,0.638129371314
CAD_HKD,0.529321331306,-0.304231193971,0.452126851265,0.683926208843,0.44165755417,0.183917192816,0.412571733701,0.689520234769,0.863034448103,0.660135168967,1.0,0.72783975806,0.739948385675,0.375891346284,0.214518789834,0.133395190412,-0.754522341702,0.263613071412,0.0574663185186,0.404250544143,0.470348557526,-0.463407073173,-0.674169468764,-0.141438033332,0.00435200779911,-0.456899706517,-0.20666260807,0.137840300108,-0.420049173035,0.0477015692373,-0.612036150346,-0.342229232753,-0.34127814525,-0.171621013648,-0.308191916058,-0.343344976572,0.174406334083,-0.749883224386,0.529191044098,-0.405104443437,-0.72927815081,0.127947343602,0.472185329675,0.203232961303,-0.212757927635,-0.0431253897659,-0.127306829653,0.503349243773,-0.757455071614,0.60756423583,-0.110229172726,0.354543716638,0.392409362475,-0.00836355200551,0.570319681173,-0.354233413388,0.341124705663,0.449186489295,0.323448939268,0.14065159693,0.46482373266,0.595495598837,0.27029689842,0.643254104987,0.329844698288,0.473249984146,0.575600580215,0.263330713978,0.358294690237,0.647781714643,-0.081576109879,0.621385630954,0.578175964598,0.135764212824,0.0646464647252,0.0629434568,0.0469544842888,-0.996777517801,-0.253276042203,-0.534949264336,-0.180717326741,-0.190371648672,-0.407606882402,-0.353495354309,-0.478803316764,-0.149836898488,-0.677920000333,-0.662960159378,-0.366397248479,-0.177382066727,-0.26711137365,-0.66515585971,-0.633482970552,-0.581094775382,-0.852767662493,0.184175405946,0.750668946586,0.274908792896,0.182748376646,0.52612972254,0.569831880014,0.48058487762,0.568559949352,0.56162114357,0.379000765912,0.418605099791,0.582723941905,-0.00360867734742,-0.168933147467,0.375708727339,0.419934548107,0.231397618909,0.438790118169,0.484875965093,0.0944693330009,0.192270042684,0.458498835075,-0.381377483711,0.516783616719,0.564024623195,0.496897261395,0.784215032801
CAD_JPY,0.604501299372,-0.0342103046258,0.773708609787,0.643207743815,0.824327277073,0.341260565581,0.543154774133,0.643782900525,0.719916214016,0.792367891967,0.72783975806,1.0,0.572545143044,0.678183815038,-0.244671707936,0.362724078112,-0.701777010277,0.205383452249,-0.0796249536414,0.689998189992,0.759524291282,-0.728045147244,-0.768088403899,-0.0659748021093,-0.12073786962,-0.226440526679,-0.606710476578,-0.270167244213,-0.362224756887,0.300678771813,-0.636001143449,-0.50152134548,-0.344453363919,-0.3341277355,-0.562424216899,-0.611552567125,-0.240799889838,-0.682852298052,0.777932432304,-0.359122751053,-0.4286509481,0.554472299397,0.475994768795,0.71886323181,-0.0407022647318,0.306788654156,0.0654083575686,0.497267233676,-0.43403532695,0.683983048224,0.601165875929,0.806292365055,0.622212472598,-0.0899888329175,0.794075570782,-0.285823157857,0.560839726749,0.300788154049,0.608497515749,0.0945588153906,0.314246092692,0.548925396995,0.614210384485,0.431278696874,0.787429862975,0.330369407514,0.734091995566,0.406428140364,0.767023464351,0.71793785889,-0.371510649276,0.720579823196,0.725554780274,-0.237360107918,-0.312799888185,-0.315924935404,-0.237165612217,-0.730331795675,0.208088191083,-0.408571066182,0.232584816463,0.233039242602,-0.32570777034,0.0883884738217,-0.454267938351,0.566329654271,-0.706133964485,-0.289757538907,-0.0221177737469,-0.125719050721,0.0912961615394,-0.451173077294,-0.536045302281,-0.621725634127,-0.57268892607,0.285756964994,0.642612950429,-0.0725788791199,-0.0988114554793,0.337435355239,0.358867034028,0.0879749551032,0.222078990656,0.458987014426,0.0651025923794,0.109139549524,0.233317996007,-0.459295442377,-0.554084697974,0.0713940734097,0.0921444777602,-0.261904557948,-0.0718640730053,0.298140449746,-0.302180342252,-0.25615487264,-0.0549740879866,-0.394606168124,0.3027969614,0.435749243351,0.084887367812,0.819369042517
CAD_SGD,0.241103143214,-0.555858637003,0.343654386385,0.253197483813,0.168105125965,0.24342275594,0.399681120383,0.265812637134,0.66190506799,0.72544081622,0.739948385675,0.572545143044,1.0,0.31517552696,-0.150839335229,-0.20992111875,-0.617532710015,0.0440021631852,-0.000400346545131,0.213799120433,0.324689621355,-0.285202638373,-0.657307383095,0.0743183847153,0.026096566539,-0.229595443488,-0.293329660564,-0.109120879818,-0.293779496161,-0.150867770559,-0.411650724572,-0.11505545881,-0.17125066163,-0.134248711185,-0.0764744002561,-0.179556984416,-0.0829100838511,-0.565618213828,0.393172241527,-0.087160424523,-0.610997229007,0.314138029102,0.260326757538,0.132932971957,0.123710861311,0.144370327642,0.282897419763,0.284930526739,-0.487131845976,0.256554972317,-0.0315158742021,0.282083828496,0.113520431188,0.0989941171372,0.369675810314,-0.579217864421,0.165570632665,0.0313819127286,0.00694558685117,0.0696211830104,0.0494358714299,0.194214380227,0.128089842401,-0.0389654200475,-0.0543774187342,0.132199233619,0.28686608844,0.116296992975,0.0992362162974,0.412231905286,-0.10477057345,0.405364897548,0.259551471175,-0.0013387909067,-0.0568548860306,-0.0330701620047,-0.0559003294551,-0.740075918168,0.113777638283,-0.164987905143,0.0830673264534,0.0728910679414,-0.292238159715,-0.0431480420682,-0.0939399699729,-0.0601400155422,-0.425879294816,-0.258911229155,-0.0468199813631,-0.0572946545552,0.0170753259541,0.00411747334852,-0.0855691821906,-0.17228543774,-0.534498682709,0.126384742614,0.56528697267,0.307789093806,0.115348027845,0.499574650667,0.495785024196,0.367619278393,0.407199963478,0.418215353219,0.440289837683,0.448901403612,0.417243824988,0.122229904455,-0.156903151878,0.438508213695,0.413205344517,0.181447061673,0.297781688922,0.353554510388,0.259073380599,0.32863957256,0.312048802213,-0.271619054096,0.241267565288,0.327188535134,0.250122040538,0.502577142699
CH20_CHF,0.734497406607,0.104227805213,0.74225104045,0.424195689269,0.628510138687,0.122017337652,0.433037119191,0.431259245237,0.493704189125,0.66901781529,0.375891346284,0.678183815038,0.31517552696,1.0,-0.46014254556,0.0533779858122,-0.613598523699,0.0284776058105,-0.34673856279,0.89279767957,0.913592491942,-0.758609502265,-0.705391055048,-0.226663701954,-0.290423519467,-0.289590483919,-0.753454906283,-0.560080247884,-0.325706282845,-0.0749418417283,-0.585672931093,-0.69305637571,-0.278017774512,-0.482772653648,-0.687624147264,-0.670260237214,-0.532243813079,-0.638533266075,0.907917491138,-0.252413470238,-0.182195629423,0.62720658588,0.294639742466,0.571492019402,-0.127912148097,0.484172537492,0.0974043519241,0.31951122859,-0.294901711869,0.754195957341,0.546882047305,0.874707878909,0.756895267416,0.0741420823958,0.856788587304,-0.0197780889492,0.717151823688,0.277035836585,0.555100025146,0.218347479593,0.289709507426,0.590732277276,0.67049037336,0.200334619401,0.589346364917,0.363872138975,0.794293104488,0.357799635907,0.625371838804,0.804339992985,-0.648193998008,0.774541084146,0.748157859923,-0.505495912803,-0.575741071625,-0.581388829643,-0.496253175855,-0.387172959275,0.421850438751,-0.21650997827,0.510811685183,0.51873548193,-0.30704663211,0.391186875214,-0.470594952479,0.513886812435,-0.661901661041,0.0225271418205,0.260207660006,0.086014517943,0.321679632665,-0.230326633589,-0.335477613362,-0.478193082203,-0.382010093166,0.104305074288,0.501551360705,-0.0987931586568,-0.0719921871389,0.295432040534,0.349718937933,0.00944593363724,0.0998705946974,0.308882737374,-0.060182785537,0.0465444651201,0.110540955881,-0.559997867259,-0.593792516846,-0.077354217828,-0.00326352878776,-0.423771886159,-0.319725804364,-0.0456631683326,-0.525544947021,-0.419081922811,-0.302970666718,-0.459273438366,0.161680567751,0.198522049571,0.056464697734,0.610216487396
CHF_HKD,-0.105199830679,0.147584176169,-0.496340077711,0.305628512417,-0.125381528561,-0.384967713122,0.00391268497911,0.30842894436,0.0306504064056,-0.591747734415,0.214518789834,-0.244671707936,-0.150839335229,-0.46014254556,1.0,0.515864148023,0.223307162595,0.180798224873,-0.00466404171891,-0.392556424315,-0.408870663155,0.377349129961,0.48798966283,-0.194722558733,0.116340237521,-0.209996489792,0.660511416947,0.873698025084,0.238612025868,0.369092856322,0.329877749808,0.106016301871,-0.087230131823,0.235259682503,0.51764007248,0.435469291788,0.890086430425,0.162894757462,-0.381044573061,-0.1536281095,-0.0306054025636,-0.736194988453,0.255521779096,-0.285544493424,-0.458453280187,-0.637182043666,-0.195588658636,0.268849785253,-0.213119250472,0.0354577808319,-0.60767149641,-0.449518570816,-0.161476456377,-0.0535868366663,-0.346580868396,0.404190553032,-0.212060922283,0.549558051488,0.124408103732,0.372296360598,0.548581519973,0.155010472415,-0.716857016612,0.491431034632,-0.184643460065,0.200066581528,-0.0906801654409,-0.0608696256825,-0.249049882191,-0.134073492058,0.298846505939,-0.124499725778,-0.0444504473758,0.462153940375,0.487258031154,0.457345444298,0.45804560074,-0.216582448487,-0.996081640189,-0.0523972449689,-0.88981511604,-0.891291703124,-0.187020753628,-0.787616294085,-0.251574079975,-0.623290011554,0.0392166382585,-0.567959107926,-0.789113301583,-0.135365221105,-0.810039482424,-0.493061143091,-0.225616624423,-0.103366973977,-0.288822465494,0.07151636773,0.0218161526628,0.262971728322,0.36252638644,0.0149946044636,0.0585194844732,0.352612433247,0.385650428062,0.188245792643,0.121266820582,0.270999073353,0.392277506965,0.292753360203,0.422905647361,-0.035963058449,0.0266573540592,0.382168344652,0.506145328077,0.255727293763,0.10158715754,0.331729541458,0.514150886027,-0.0683923238641,0.325007133221,0.388279517627,0.530203955717,0.0149516798503
CHF_JPY,0.160194041647,0.500434857414,0.0622557199604,0.503856351139,0.586580905023,-0.149685355672,0.335326890696,0.50101686486,0.0775756959108,-0.280763998804,0.133395190412,0.362724078112,-0.20992111875,0.0533779858122,0.515864148023,1.0,0.107727225811,0.204676920283,-0.201613436671,0.113017193542,0.119650457622,-0.114938319931,0.216074948275,-0.150194630727,-0.0550346552355,-0.0279862401974,0.0823283423363,0.426175614375,0.236452443136,0.840830217957,0.157964617843,-0.231683768193,-0.20994563371,-0.0339863676035,0.113000462028,-0.0145459170425,0.445343848736,0.0617978451046,0.106870830276,-0.231168585987,0.210556173399,-0.152415526322,0.451496648267,0.53477005489,-0.333209657649,-0.209184007637,0.0347710447205,0.461163531027,0.0207017251946,0.349779355708,0.36652041313,0.289194516517,0.291215967135,-0.189608921223,0.119751030478,0.471683484383,0.203248437494,0.550126651984,0.691094978062,0.408288990265,0.550361222997,0.291090411801,-0.21589005561,0.441129924481,0.599933939493,0.161219586131,0.31894487959,0.23155760559,0.455984705464,0.154727138476,-0.12697429271,0.200871317767,0.355994633122,0.000915626121206,0.00174307349895,-0.035922460299,0.107617238117,-0.143751362364,-0.520075500519,-0.0288783556276,-0.449889348939,-0.439096434161,-0.216182129757,-0.34065154494,-0.404809960855,0.343528616517,-0.207691502329,-0.286386782533,-0.49604340146,-0.130021852948,-0.470306629852,-0.446727236817,-0.306452174848,-0.361518217423,-0.165089905177,0.299688701011,0.0875391803453,-0.146899308929,0.044411794228,-0.110689191518,-0.0817259562678,-0.0497294068846,0.0881400187719,0.236227108837,-0.228583132879,-0.0338740244317,0.0956749418,-0.370625007958,-0.159358001641,-0.400646261285,-0.351506060955,-0.253273498775,-0.071035698533,0.156297566731,-0.47275084192,-0.253496382855,-0.0600120854141,-0.223203969408,0.203197430826,0.429044219748,0.130165078889,0.316009431408
CHF_ZAR,-0.584501212465,0.19325536835,-0.666430038288,-0.544296754452,-0.483153474051,-0.231569012154,-0.413398537613,-0.546705935518,-0.674018700494,-0.794242689539,-0.754522341702,-0.701777010277,-0.617532710015,-0.613598523699,0.223307162595,0.107727225811,1.0,-0.155234547924,-0.138564434648,-0.57501028711,-0.607645037701,0.641677730422,0.785074955919,0.088609607156,0.106849360018,0.372210403856,0.504497275125,0.261189184045,0.640327186713,0.145557594202,0.720245379589,0.489271559529,0.306448971116,0.205717979959,0.545620663273,0.598261270287,0.233951228179,0.969622278003,-0.65526685797,0.345170789799,0.560228899592,-0.443934313279,-0.34873296784,-0.311304347414,0.117971102835,-0.24278296651,0.044302385179,-0.371452709375,0.831751310391,-0.627514049686,-0.143747885683,-0.526718965431,-0.493221539157,0.0173752740148,-0.679631923768,0.318462059802,-0.535853648249,-0.294806887408,-0.334700319534,-0.0939529236671,-0.307061027045,-0.487503637673,-0.579053433356,-0.418953545014,-0.393038167219,-0.418167437626,-0.621823405956,-0.132537940192,-0.511054998239,-0.704132810009,0.14910698121,-0.645899715366,-0.604534615432,-0.0100474009008,0.0743566364677,0.0516353359091,0.0435445720065,0.756288692992,-0.187210273273,0.444152351398,-0.223591819379,-0.219128970028,0.301226684696,0.0378205431725,0.355578338749,-0.113685485309,0.677661736165,0.36696824392,0.00462750358603,0.0122430895789,-0.139557764185,0.438678456803,0.49057368502,0.60678217229,0.867499311618,-0.0664941139919,-0.541451952726,-0.148191400332,-0.0837422157468,-0.506154473102,-0.537026215573,-0.31642563486,-0.387671941438,-0.45962198846,-0.258999172935,-0.289518992783,-0.398102924669,0.191615171751,0.328241318364,-0.316178818135,-0.343436291313,-0.00532283401682,-0.152519046646,-0.282107083934,0.0787947373091,0.0172166693262,-0.167719671793,0.405598490463,-0.193998696856,-0.275545902813,-0.247663170454,-0.908062321965
CORN_USD,0.197333185295,-0.0699938551347,0.02387604701,0.184929912106,0.129992230506,0.0306595024111,-0.0386544058764,0.16443750353,0.348122593505,0.0799565411772,0.263613071412,0.205383452249,0.0440021631852,0.0284776058105,0.180798224873,0.204676920283,-0.155234547924,1.0,-0.107388678925,-0.00420564773493,0.0277615207918,-0.00579608628507,-0.0492721691402,0.0591012387109,0.407399749613,-0.184847678894,-0.0276517654646,0.20586611745,-0.14538394793,0.221451007053,-0.228433034249,0.0191234637867,0.289934525835,-0.101329631909,-0.0382434785066,0.0139882339677,0.189189544424,-0.135106683054,0.0191181346619,0.023365481174,-0.0424755815442,0.0539257272676,0.318521981632,0.181079484702,0.0467044689605,0.211400500103,-0.00789604300376,0.287031216924,-0.146038403926,0.169481898901,-0.0116193267276,0.0296672183245,-0.0644798203872,-0.0546373561049,-0.00651894022164,-0.0713877079725,0.00163337529261,0.136060305854,0.112413289611,-0.0563103586564,0.121057124357,0.117493065348,0.0713855555071,0.341013195695,0.216717433714,0.677663207831,-0.0169903038377,0.0912406761577,0.0935666847861,0.0289592180637,-0.0806456181668,0.0171957400878,0.0314698525796,0.25999521643,0.181063991257,0.11680611387,0.0241965359754,-0.237586937735,-0.165503869916,-0.42158774692,-0.16383608086,-0.198429449762,0.183298533788,-0.254135256215,-0.195214386324,0.00660989430591,-0.0427728032826,-0.367003047453,0.0239609358378,-0.266371539536,-0.24680349721,-0.310347170148,-0.302732740751,-0.122289295403,-0.235320628562,0.673461395923,0.324602123761,0.371964553633,0.386139485696,0.399845573579,0.396286056215,0.379780245743,0.434651263237,0.459102129274,0.423624638724,0.36504102139,0.42771572213,0.0142185547691,-0.0220016294302,0.0427431026629,0.0204024142128,-0.00235167772527,0.131451424286,0.16697609619,0.0344501527083,-0.00283182943613,0.12128003124,-0.498536582281,0.297897853149,0.455022063437,0.103367926674,0.241581362256
DE10YB_EUR,-0.250619740571,-0.0281914887064,0.0317990687207,0.0331174402888,-0.0801019066161,0.00213669429835,-0.0233230323558,0.00606386344536,-0.227319046527,0.0434319923399,0.0574663185186,-0.0796249536414,-0.000400346545131,-0.34673856279,-0.00466404171891,-0.201613436671,-0.138564434648,-0.107388678925,1.0,-0.317427941083,-0.2890686222,0.0175285444089,-0.00056867459053,0.150452732619,0.126553761705,0.169396932849,0.234998202882,0.0692380797734,-0.456177605462,-0.101452007814,-0.0960836435192,0.0275167786928,0.0904916641276,0.440595608186,0.00928005718366,-0.0513543819755,0.0378119442967,-0.0933047719709,-0.214675461015,-0.208643657655,-0.249153443651,-0.164946527477,-0.234451378239,-0.270434749789,-0.18044719236,-0.15580184139,-0.294673877283,-0.266435437424,-0.247205478149,-0.243944134285,-0.180801541954,-0.319247793492,-0.220781525869,-0.195889403668,-0.0979786680419,-0.0276999674699,0.0337898796575,0.0266158192787,-0.0806304638919,-0.023059806083,0.00401283965305,-0.250594399097,0.0688764486596,0.0851670789308,-0.0970617257113,-0.169277648548,-0.19499324676,-0.361240607639,-0.00876788932918,-0.0618239911611,0.775969898075,-0.322334570224,-0.201169579724,0.605073603316,0.662534331976,0.727360516484,0.733755163559,-0.0312643208691,0.0316747242123,-0.17162865281,-0.0322442529306,-0.0378499212704,0.347843904443,-0.232375783818,0.178744924858,-0.145105844227,0.207169372349,-0.115027623618,0.0232454413863,-0.160428518596,0.160922306817,-0.039086675753,-0.138581342171,-0.0917873126291,-0.110889927851,-0.104390310549,-0.384747004524,0.08255569871,0.0857516783697,0.0973372261798,0.0684144941909,0.187671568428,0.0923525236679,0.0291796923638,0.0964721926146,0.0739006309564,0.0800225115668,0.360515371624,0.406662247805,0.476703924017,0.424932641432,0.48796685217,0.411587961602,0.395701481649,0.387498741467,0.391996490183,0.392651772541,0.261047328757,-0.217136841001,-0.153727157653,-0.062616283089,0.0427110897211
DE30_EUR,0.75042479703,0.127295628963,0.731980119186,0.469404599978,0.653453904453,0.156487178028,0.356840996653,0.482425399661,0.514776667988,0.641136281962,0.404250544143,0.689998189992,0.213799120433,0.89279767957,-0.392556424315,0.113017193542,-0.57501028711,-0.00420564773493,-0.317427941083,1.0,0.974882682531,-0.814108056711,-0.749217092963,-0.415717731561,-0.31765905794,-0.300011814917,-0.770592509953,-0.587376392282,-0.2125288727,-0.122901781456,-0.574662789715,-0.725870669305,-0.402733128294,-0.441418639771,-0.824304505502,-0.777975922259,-0.550563785395,-0.647657899788,0.944501757011,-0.307374770078,-0.222358813573,0.558950006203,0.281702979576,0.553669406286,-0.150703066521,0.42065620791,-0.0553546680245,0.318525376128,-0.29254572866,0.794154837118,0.53258657458,0.887749020676,0.866931903819,-0.0633463079139,0.923082052745,-0.0291342107957,0.677730246836,0.291016933784,0.558338345361,0.128341588435,0.309868305453,0.726739518954,0.724569073532,0.35764349017,0.68061306523,0.333357820109,0.883857651104,0.521308658632,0.711009620227,0.788289548264,-0.664710233009,0.844428275138,0.865258207926,-0.572843656661,-0.656773805656,-0.65940276903,-0.556546313615,-0.422653555363,0.350641029167,-0.346339052555,0.531383949105,0.541319355549,-0.40501294872,0.461977493892,-0.492998499989,0.489962842166,-0.741892525285,0.0525455954442,0.200751235459,0.11827002223,0.365234244612,-0.392829487064,-0.466641160795,-0.606850063159,-0.3796382036,0.0856690488111,0.516746625747,-0.250483351932,-0.233678135066,0.131301062921,0.223299760088,-0.124392543003,-0.0239915210165,0.169042409333,-0.21266896218,-0.134759849125,-0.00968677462405,-0.582947859132,-0.610249045104,-0.117549330113,0.0190222697171,-0.413787216899,-0.315286889948,-0.0563141075354,-0.533268258619,-0.482092761944,-0.29349048932,-0.276065977788,0.201021383164,0.164788319193,0.0538820286062,0.595240302201
EU50_EUR,0.795761901944,0.0889698690708,0.772079569285,0.500729684527,0.690152030833,0.157370430358,0.426920249339,0.511162215353,0.578292765457,0.707745943049,0.470348557526,0.759524291282,0.324689621355,0.913592491942,-0.408870663155,0.119650457622,-0.607645037701,0.0277615207918,-0.2890686222,0.974882682531,1.0,-0.837816652719,-0.797990454293,-0.380053956613,-0.273729533442,-0.231715338496,-0.773783833683,-0.58577260841,-0.276983339426,-0.0971776399878,-0.604487878651,-0.749669688547,-0.376363485206,-0.436000586826,-0.802192728348,-0.778920050828,-0.55085320002,-0.669816472488,0.985933909269,-0.336098232154,-0.289041725938,0.57681676246,0.288891738963,0.574179767738,-0.175804446407,0.438778752448,-0.0232962483969,0.323145213856,-0.318087725954,0.820027954498,0.554755123688,0.917870584659,0.827011543826,-0.0806085996172,0.955204984541,-0.0557157577971,0.721946630726,0.317876263511,0.595449694155,0.182390429591,0.334828092786,0.746632121962,0.718158917289,0.329467418716,0.681227933666,0.339978180141,0.88254966518,0.562662272738,0.725615407208,0.841752801,-0.649903872455,0.833798919726,0.858803653825,-0.555464136614,-0.632135997964,-0.62893330189,-0.516119419754,-0.484227206318,0.365951887113,-0.356557527841,0.533005082788,0.540920371619,-0.384779541413,0.432712180169,-0.52834334501,0.514008232679,-0.758872163745,0.0263146001115,0.214856211558,0.0710374849696,0.365383872282,-0.363215178674,-0.487178018068,-0.607739594139,-0.403446332974,0.150201707355,0.571799145143,-0.155085327704,-0.141425805477,0.250708639398,0.338183462775,-0.00961136402411,0.0802226095818,0.289021732554,-0.108361460319,-0.0142301205507,0.0937209948758,-0.515601839019,-0.551462335394,0.000211273509071,0.124627220067,-0.328002694547,-0.222906727562,0.0756046818507,-0.461410463587,-0.373457461961,-0.202438941522,-0.333493723984,0.264649605778,0.274629554125,0.0943811017825,0.630294467728
