{"columns":["AU200_AUD","AUD_CAD","AUD_CHF","AUD_HKD","AUD_JPY","AUD_NZD","AUD_SGD","AUD_USD","BCO_USD","CAD_CHF","CAD_HKD","CAD_JPY","CAD_SGD","CH20_CHF","CHF_HKD","CHF_JPY","CHF_ZAR","CORN_USD","DE10YB_EUR","DE30_EUR","EU50_EUR","EUR_AUD","EUR_CAD","EUR_CHF","EUR_CZK","EUR_DKK","EUR_GBP","EUR_HKD","EUR_HUF","EUR_JPY","EUR_NOK","EUR_NZD","EUR_PLN","EUR_SEK","EUR_SGD","EUR_TRY","EUR_USD","EUR_ZAR","FR40_EUR","GBP_AUD","GBP_CAD","GBP_CHF","GBP_HKD","GBP_JPY","GBP_NZD","GBP_PLN","GBP_SGD","GBP_USD","GBP_ZAR","HK33_HKD","HKD_JPY","JP225_USD","NAS100_USD","NATGAS_USD","NL25_EUR","NZD_CAD","NZD_CHF","NZD_HKD","NZD_JPY","NZD_SGD","NZD_USD","SG30_SGD","SGD_CHF","SGD_HKD","SGD_JPY","SOYBN_USD","SPX500_USD","SUGAR_USD","TRY_JPY","UK100_GBP","UK10YB_GBP","US2000_USD","US30_USD","USB02Y_USD","USB05Y_USD","USB10Y_USD","USB30Y_USD","USD_CAD","USD_CHF","USD_CNH","USD_CZK","USD_DKK","USD_HKD","USD_HUF","USD_INR","USD_JPY","USD_MXN","USD_NOK","USD_PLN","USD_SAR","USD_SEK","USD_SGD","USD_THB","USD_TRY","USD_ZAR","WHEAT_USD","WTICO_USD","XAG_AUD","XAG_CAD","XAG_CHF","XAG_EUR","XAG_GBP","XAG_HKD","XAG_JPY","XAG_NZD","XAG_SGD","XAG_USD","XAU_AUD","XAU_CAD","XAU_CHF","XAU_EUR","XAU_GBP","XAU_HKD","XAU_JPY","XAU_NZD","XAU_SGD","XAU_USD","XAU_XAG","XCU_USD","XPD_USD","XPT_USD","ZAR_JPY"],"index":["AU200_AUD","AUD_CAD","AUD_CHF","AUD_HKD","AUD_JPY","AUD_NZD","AUD_SGD","AUD_USD","BCO_USD","CAD_CHF","CAD_HKD","CAD_JPY","CAD_SGD","CH20_CHF","CHF_HKD","CHF_JPY","CHF_ZAR","CORN_USD","DE10YB_EUR","DE30_EUR","EU50_EUR","EUR_AUD","EUR_CAD","EUR_CHF","EUR_CZK","EUR_DKK","EUR_GBP","EUR_HKD","EUR_HUF","EUR_JPY","EUR_NOK","EUR_NZD","EUR_PLN","EUR_SEK","EUR_SGD","EUR_TRY","EUR_USD","EUR_ZAR","FR40_EUR","GBP_AUD","GBP_CAD","GBP_CHF","GBP_HKD","GBP_JPY","GBP_NZD","GBP_PLN","GBP_SGD","GBP_USD","GBP_ZAR","HK33_HKD","HKD_JPY","JP225_USD","NAS100_USD","NATGAS_USD","NL25_EUR","NZD_CAD","NZD_CHF","NZD_HKD","NZD_JPY","NZD_SGD","NZD_USD","SG30_SGD","SGD_CHF","SGD_HKD","SGD_JPY","SOYBN_USD","SPX500_USD","SUGAR_USD","TRY_JPY","UK100_GBP","UK10YB_GBP","US2000_USD","US30_USD","USB02Y_USD","USB05Y_USD","USB10Y_USD","USB30Y_USD","USD_CAD","USD_CHF","USD_CNH","USD_CZK","USD_DKK","USD_HKD","USD_HUF","USD_INR","USD_JPY","USD_MXN","USD_NOK","USD_PLN","USD_SAR","USD_SEK","USD_SGD","USD_THB","USD_TRY","USD_ZAR","WHEAT_USD","WTICO_USD","XAG_AUD","XAG_CAD","XAG_CHF","XAG_EUR","XAG_GBP","XAG_HKD","XAG_JPY","XAG_NZD","XAG_SGD","XAG_USD","XAU_AUD","XAU_CAD","XAU_CHF","XAU_EUR","XAU_GBP","XAU_HKD","XAU_JPY","XAU_NZD","XAU_SGD","XAU_USD","XAU_XAG","XCU_USD","XPD_USD","XPT_USD","ZAR_JPY"],"data":[[1.0,0.2775099986,0.6693286071,0.6414557028,0.6570661144,0.1054296901,0.4628389109,0.6506796098,0.6175602455,0.4917510819,0.4718185289,0.5998152883,0.168436641,0.7353377233,-0.1108627999,0.2011002922,-0.5708654386,0.0462205312,-0.1643422736,0.7533875948,0.7994087847,-0.7423333297,-0.5831620488,-0.3411288691,-0.0589563284,-0.2256390065,-0.4542266701,-0.2869222168,-0.415834877,-0.0085530952,-0.5421309285,-0.6839934947,-0.5140448754,-0.4344645118,-0.6415087936,-0.6088353706,-0.2479987888,-0.6311767509,0.794703113,-0.5448025839,-0.3102347261,0.2638414747,0.2531588862,0.3584160183,-0.3793822319,0.0734488981,-0.2410608373,0.2955835828,-0.4610735002,0.8604358599,0.2992343869,0.6980505172,0.6902409077,-0.0094047994,0.8065629992,0.1088507363,0.6533654037,0.4709568127,0.5889964244,0.2581069188,0.4873921385,0.8323463689,0.5355442797,0.5047196174,0.598709287,0.4383139769,0.7780812631,0.5087919161,0.5953491086,0.8625418525,-0.4222353521,0.7295975198,0.754312273,-0.3607862933,-0.3869104759,-0.3845639549,-0.285586195,-0.4851997431,0.066090214,-0.4368559686,0.2375923954,0.2329113188,-0.4325852181,0.055596984,-0.7200568801,0.2559853868,-0.7198039684,-0.2067651556,-0.1194623892,0.0610817001,0.0353620081,-0.5382714802,-0.5142660965,-0.5964130718,-0.517857815,0.0198509664,0.6304257293,-0.0736765011,0.0364460755,0.3222293841,0.4104850141,0.1756061673,0.2405690442,0.3844193413,-0.0355715403,0.0946699657,0.2567709251,-0.3814731032,-0.3010838911,0.0746056573,0.1839874582,-0.0879245706,0.0003363744,0.1963980641,-0.3465415123,-0.2112731948,0.0216304928,-0.367932199,0.4640096644,0.4980323916,0.261915569,0.6325370262],[0.2775099986,1.0,0.3523102122,0.4660715901,0.5377150051,0.0473983939,0.5434009945,0.4568678836,-0.2695316829,-0.321799605,-0.291942046,-0.010846715,-0.5295065385,0.1864222132,0.0972466741,0.4685417262,0.1297240091,-0.0522403167,-0.1002582454,0.1834396657,0.1556999993,-0.3519406484,0.2805243485,-0.0732824599,-0.1023944778,0.2173209845,-0.0593631383,0.058170096,0.1044434884,0.3877285213,0.1486922915,-0.3308071703,-0.1300563187,-0.0973765092,-0.0459349046,-0.0569213532,0.0675490401,0.1010614128,0.1014054647,-0.4166402898,0.4241639223,0.0211776731,0.1657035446,0.3221315029,-0.3148570874,-0.0352153996,0.0156347036,0.1719698279,0.1483990686,0.2547280425,0.318437187,0.3107315701,0.2134160972,-0.1078668771,0.0964231951,0.6352612569,0.3472301537,0.3646258963,0.5063123653,0.3728699691,0.3625098513,0.1565894261,0.0131553477,0.1455602521,0.3725480356,0.1444874082,0.2123613078,0.0685873312,0.2538122054,0.1322571444,-0.0378704291,0.1287388418,0.189985559,-0.2689814914,-0.1633875852,-0.1415522623,0.1211332103,0.2770542718,-0.1000515223,0.1741564154,-0.0763726863,-0.0611515642,-0.1054537339,-0.0222746199,-0.2641219057,0.30668375,-0.1098726015,0.0526628198,-0.1374514405,0.2379323802,-0.1140611626,-0.1525736713,-0.0541784011,-0.1255758334,0.0631561779,-0.0400249536,-0.2188644239,-0.4041637046,-0.0167733151,-0.2099545414,-0.1950866714,-0.2103569488,-0.1473118589,-0.0262645792,-0.4163658391,-0.2090158547,-0.1430711215,-0.5180991167,-0.0924811382,-0.3582813107,-0.3231414316,-0.2959536286,-0.2505592727,-0.1142868949,-0.5184221912,-0.3268221666,-0.2447300826,-0.0899573666,-0.0891453711,0.0697785306,-0.1311574911,0.0764091232],[0.6693286071,0.3523102122,1.0,0.652246842,0.8405385308,0.5150297654,0.7186810435,0.6490540774,0.4660677545,0.7725270798,0.4210529944,0.7661440162,0.3420941436,0.7370225592,-0.5076375231,0.0433235242,-0.684033293,-0.0261339699,0.0412795496,0.7364020735,0.7723033256,-0.9258004307,-0.7255406618,-0.0269036907,-0.1617245332,-0.0904821573,-0.6767077916,-0.5194920257,-0.4135974773,0.0267830432,-0.6326281956,-0.5740352778,-0.3582025307,-0.3508385404,-0.687086565,-0.6498192759,-0.4947793678,-0.655969117,0.7608356097,-0.5685598312,-0.270853252,0.6269070567,0.2389246058,0.5626419037,-0.0648226968,0.3860014317,-0.0117367056,0.2624178292,-0.3520634149,0.6219046924,0.5941818005,0.8267497628,0.6153835688,-0.0724369206,0.7797885515,-0.1617480861,0.6602605751,0.1784584306,0.5059944091,0.0610225862,0.1915575071,0.4652193023,0.7793420232,0.2466408224,0.6753185825,0.2580346131,0.6846328491,0.2899449782,0.660052895,0.7137061391,-0.2724398667,0.6797465004,0.6349015526,-0.4228315061,-0.4177473617,-0.3770327629,-0.1898376595,-0.4292028984,0.4720831239,-0.2812852596,0.4844858168,0.4875447041,-0.2727422617,0.3072996686,-0.3771736007,0.5652031646,-0.6412281276,-0.0443981646,0.1856920383,0.1128775563,0.3279821997,-0.2687973349,-0.3370089973,-0.4677648609,-0.4119036423,0.0381206879,0.4143470518,-0.3482419975,-0.2337092975,0.2280436667,0.2355345338,-0.083980126,-0.0047750644,0.2367345169,-0.1346785417,-0.0891836426,0.0055174528,-0.5987327744,-0.5170440921,0.0653297166,0.0729374185,-0.2884892492,-0.2157227828,0.100743098,-0.3587836602,-0.336464341,-0.201609652,-0.2474482271,0.082630541,0.1727348636,-0.1408702532,0.663183593],[0.6414557028,0.4660715901,0.652246842,1.0,0.8032668167,0.2177066374,0.777696508,0.9977823417,0.6028989443,0.3451143325,0.7100183206,0.6502184248,0.2842396228,0.3857699485,0.3216942396,0.4966995422,-0.5476092722,0.2444691289,-0.0063486936,0.464477886,0.4799156486,-0.6919551902,-0.4097834153,-0.2448486285,-0.0359807307,-0.2906558329,-0.1448642905,0.1940481197,-0.2304622408,0.3182782218,-0.4301948793,-0.5524850021,-0.4463954068,-0.2611447029,-0.3254118753,-0.3756340741,0.234446672,-0.5840824231,0.4840452715,-0.7934325761,-0.3988757728,0.0111649685,0.4831192508,0.338084026,-0.4966282695,-0.1754459631,-0.2383586562,0.5193129496,-0.5928002227,0.7232454885,0.0981948954,0.5065703472,0.5137892821,-0.1215608163,0.5422865445,0.1468963526,0.5338728298,0.6916007464,0.6602582918,0.3891781441,0.7042880708,0.66996428,0.228625076,0.7315232955,0.5776536048,0.5661762634,0.6761119315,0.3472411506,0.532380577,0.6689040091,-0.0827085023,0.6610143589,0.6824496346,-0.0538207909,-0.0447093395,-0.0443449402,0.0906636615,-0.7181141504,-0.3574480887,-0.3486569795,-0.2428846957,-0.2434474064,-0.4534691603,-0.33608127,-0.6428120207,0.0539918,-0.7122146287,-0.5683842151,-0.478753196,0.0104668938,-0.3654145095,-0.7556034642,-0.6452973541,-0.6566404727,-0.7191960318,0.2113554155,0.5356498278,-0.0687697924,0.1219643667,0.316611022,0.3793780115,0.2891223136,0.4149382041,0.4874580253,0.0254634079,0.2143740128,0.4317918886,-0.351278772,-0.1701297362,0.0986793727,0.1741524776,0.0618766108,0.2502336745,0.387819076,-0.2555382831,-0.033638529,0.2718309199,-0.3460398106,0.42141022,0.5742542939,0.3654335352,0.7374256898],[0.6570661144,0.5377150051,0.8405385308,0.8032668167,1.0,0.3267356066,0.7565971293,0.7990595773,0.4538422158,0.4873488935,0.4381504866,0.8371179488,0.1830557849,0.6374058952,-0.135413553,0.5774298162,-0.5084594887,0.1095014961,-0.1028151267,0.6724980514,0.7063881967,-0.8113390811,-0.4868113969,-0.1035183464,-0.1552520418,-0.0909082527,-0.5193524611,-0.1882426974,-0.2262883952,0.4720347157,-0.4496802296,-0.5953864183,-0.3994112113,-0.3171051317,-0.5002675098,-0.5440837788,-0.1580982353,-0.5112906904,0.6848471743,-0.5723644773,-0.1186604257,0.4399549082,0.4811543298,0.7528691272,-0.2215051147,0.210775986,0.0246621754,0.5028846398,-0.2806400788,0.708191958,0.671431704,0.8365462012,0.653290237,-0.1511234496,0.707272793,0.1120444647,0.6491801871,0.4471825924,0.7878784497,0.2721723155,0.4577561325,0.5440422984,0.5181051469,0.4445296785,0.8767089338,0.3505987536,0.7356899603,0.3811302669,0.7904508001,0.6719947799,-0.3177279517,0.6747595375,0.7177292679,-0.3416654014,-0.3460653595,-0.3387145613,-0.1252453922,-0.4491694896,0.1038744061,-0.2487241393,0.1470229122,0.1552103701,-0.3363558021,0.057689704,-0.5303630398,0.6360112252,-0.6485677456,-0.212334768,-0.1183742704,0.0222537405,0.0079515141,-0.4653751296,-0.4449926854,-0.5838045456,-0.4401511473,0.1895630988,0.4155193843,-0.3338249286,-0.1363122228,0.1539581074,0.1793706636,-0.0687446559,0.0814791295,0.3658502131,-0.2099310235,-0.0585693416,0.0940528302,-0.6672655825,-0.5002864365,-0.1435648694,-0.1056704379,-0.3565943842,-0.1945304489,0.1830143665,-0.5290389618,-0.3930475891,-0.1775434892,-0.364563352,0.1953227273,0.4023216901,-0.0170589692,0.7246390478],[0.1054296901,0.0473983939,0.5150297654,0.2177066374,0.3267356066,1.0,0.3360019431,0.2142936379,0.2675623501,0.4849340673,0.1918495068,0.3508124664,0.2823836494,0.1414886747,-0.3972983452,-0.1790380955,-0.2656203439,0.0408252886,-0.0338532001,0.1755271307,0.176814957,-0.3840337432,-0.3701774883,0.210327107,-0.0079119623,-0.1102160252,-0.2461714573,-0.2861258436,-0.117856334,-0.0430903212,-0.3907754913,0.3279878172,-0.2018140419,-0.3160625944,-0.2647482055,-0.1483940334,-0.2814719846,-0.19585005,0.1462965965,-0.2754913244,-0.2384367545,0.3318574741,-0.0528811398,0.166858429,0.5785318416,0.0857289023,-0.0227211389,-0.0443104096,-0.0778605539,0.0062719957,0.2713014254,0.2662198022,0.0554704635,0.1964619426,0.2107051579,-0.7409910483,-0.3033997542,-0.5540006528,-0.3242922084,-0.6949725438,-0.5373486083,-0.0388695559,0.4300194977,-0.0259463011,0.2154133146,0.0358807271,0.0845361037,0.0469588532,0.1212579905,0.0943519356,-0.0511996336,0.2459785714,0.0433313624,-0.3141580426,-0.2854474166,-0.2759479414,-0.2468707543,-0.1896631052,0.3840486291,-0.1341514668,0.2836680256,0.277460573,-0.0485028884,0.2277882281,0.0482834668,0.2651816653,-0.20108877,-0.0502738434,0.1070682438,0.0277214554,0.1314621675,0.0208153364,-0.0427818755,0.0219114689,-0.0510516301,-0.0204130696,0.2979914365,-0.3961091703,-0.4172435798,-0.1139717381,-0.1686041259,-0.2653565533,-0.2623830761,-0.1749417728,0.0549619179,-0.2809693006,-0.2602748929,-0.3400974268,-0.3775093228,-0.0193420503,-0.0862807146,-0.1909597188,-0.2251343381,-0.1211054271,0.1649921203,-0.2308830282,-0.2221394036,0.1409512227,-0.0087652931,-0.1018579984,-0.3545705388,0.1693874676],[0.4628389109,0.5434009945,0.7186810435,0.777696508,0.7565971293,0.3360019431,1.0,0.7803785013,0.342004405,0.3581538949,0.4073298875,0.5445583105,0.4242125408,0.4318538042,-0.0106824193,0.3152093374,-0.4341330098,-0.0338541542,-0.0403717758,0.3638817447,0.430418995,-0.6776319086,-0.3452002168,-0.0505897147,-0.0721548097,-0.0318612409,-0.2697869654,-0.0366071958,-0.1385283056,0.2627125759,-0.2196764362,-0.4537466815,-0.3808713108,-0.2366198579,-0.1319776489,-0.2501566482,0.0002509624,-0.4253364787,0.4431686207,-0.6481897144,-0.1877255858,0.2242647565,0.3326904348,0.3990580208,-0.2762527319,-0.013959635,0.1740054107,0.3695033394,-0.3336445856,0.499342915,0.2974599956,0.5696626368,0.3616528264,-0.0580251332,0.4384889311,0.1037954649,0.5007023947,0.4138704509,0.5353848604,0.4433124388,0.4303198101,0.3574360996,0.1245912014,0.1404063846,0.3490268689,0.1928481162,0.5095578741,0.1991230194,0.3823117507,0.5379956388,-0.0843494146,0.5272744212,0.4688375621,-0.2712998416,-0.2026653499,-0.1590370952,0.0861326022,-0.4252436128,-0.0279394738,0.026412879,-0.0072092265,-0.0026738355,-0.4132861546,-0.0632258799,-0.378717424,0.2561641106,-0.532004765,-0.1807758585,-0.2431657417,0.1879169524,-0.1170141238,-0.1814340975,-0.165903732,-0.3239051618,-0.4376754647,0.0961941304,0.298213512,-0.2018424229,0.0092634705,0.215461856,0.2287553699,0.0932714762,0.1875935974,0.3238340487,-0.0626954925,0.1631786649,0.2030974185,-0.4344637912,-0.2263771734,0.0449144871,0.0604197835,-0.0914931019,0.0300906246,0.2298144203,-0.2812185758,-0.0229602343,0.0504053629,-0.2524244795,0.1229245616,0.3672770504,0.0649099643,0.5454165705],[0.6506796098,0.4568678836,0.6490540774,0.9977823417,0.7990595773,0.2142936379,0.7803785013,1.0,0.619576988,0.3482100334,0.7150358503,0.6512007526,0.2971290005,0.3944247258,0.323533416,0.4941487124,-0.550742064,0.224190289,-0.033520549,0.47842203,0.4916372111,-0.6971733345,-0.4211238025,-0.2676342215,-0.0326920012,-0.3006747114,-0.155986501,0.1841694409,-0.2148288441,0.3030623342,-0.4172994594,-0.5608028022,-0.4886986397,-0.2805368133,-0.3305314733,-0.3745473061,0.2298139773,-0.5929213775,0.4954669582,-0.7891877288,-0.4025015703,0.0109910749,0.4848611858,0.3361333008,-0.4961492377,-0.1933496328,-0.2306885925,0.5280188565,-0.596146298,0.7378822766,0.0942761931,0.5133160376,0.5367053791,-0.1280354117,0.5489097222,0.1433665321,0.5329471697,0.6919007773,0.6578676672,0.3941782224,0.7082926672,0.6902066809,0.2214984259,0.7250031811,0.569676637,0.5450492827,0.6955012546,0.361358147,0.5235809575,0.6782804645,-0.10221302,0.6888002743,0.7020882109,-0.0860900617,-0.0768040008,-0.074502754,0.0647328875,-0.7278274421,-0.3640012337,-0.3496734883,-0.2374488844,-0.2386459707,-0.5117389328,-0.3241884714,-0.6519853046,0.0444751981,-0.7346241936,-0.5534237764,-0.5009030585,0.0239715709,-0.369640145,-0.7563157435,-0.6290664752,-0.6520219286,-0.7258609877,0.1962848572,0.556957708,-0.0837255617,0.1018580126,0.2994115559,0.3677670837,0.2730163316,0.4005410574,0.4701171858,0.0073835133,0.2006094764,0.4196429188,-0.3564262002,-0.1808820315,0.0897310263,0.1731465556,0.0552727359,0.2439646455,0.3767952439,-0.2631516779,-0.0377846996,0.2684828174,-0.3309456652,0.4324808174,0.5807307309,0.3733997057,0.7388209361],[0.6175602455,-0.2695316829,0.4660677545,0.6028989443,0.4538422158,0.2675623501,0.342004405,0.619576988,1.0,0.6570789472,0.8650858462,0.7125045242,0.6380859066,0.3958236094,0.0980977448,0.1274715112,-0.6207510301,0.3393967941,-0.1876445774,0.4732256101,0.5129044146,-0.524291009,-0.7119472154,-0.2712344964,0.1447259392,-0.4771502965,-0.2271073497,-0.0408285307,-0.2621203242,-0.0349482104,-0.5895960668,-0.3447950865,-0.48265107,-0.4576406909,-0.4475988151,-0.4214573333,0.0048761893,-0.6588759774,0.5417329951,-0.4833757448,-0.7106383525,0.0785703502,0.2700074992,0.1540755517,-0.1961591995,-0.1197085838,-0.2881092106,0.321405397,-0.627393717,0.6411285653,0.0071937388,0.4171685003,0.4797660783,-0.0522751697,0.573987616,-0.3832473323,0.2845792761,0.3142460724,0.2777603211,0.008578515,0.3395502695,0.6979977697,0.3534109508,0.5744946732,0.3939188143,0.4606495047,0.6077289368,0.4634806539,0.3988716846,0.6560762477,-0.3153336976,0.7157722726,0.6397026183,-0.1260442862,-0.2104237576,-0.2405702983,-0.3121379312,-0.8747378456,-0.1465121876,-0.5539852208,0.0033552959,-0.0204300554,-0.5107709556,-0.1220446917,-0.5496130589,-0.0421931254,-0.7403433792,-0.4785409067,-0.311105205,-0.1479229045,-0.2280430599,-0.6138491182,-0.5540540104,-0.5440744364,-0.6744118102,0.2662063958,0.9513954203,0.1093089872,0.0038264004,0.3914502595,0.4624399836,0.3273512895,0.3888316018,0.4228634096,0.243321465,0.2356388562,0.4077911411,-0.1063876391,-0.2611947742,0.2500968308,0.3298778864,0.1471869449,0.2595695595,0.3414924267,0.0258556443,0.0389255712,0.2839863449,-0.2759667279,0.636334524,0.6230553562,0.397508755,0.6497960282],[0.4917510819,-0.321799605,0.7725270798,0.3451143325,0.4873488935,0.4849340673,0.3581538949,0.3482100334,0.6570789472,1.0,0.6256502722,0.7847332622,0.7050771264,0.6231298067,-0.5777048071,-0.2702945926,-0.7795521891,0.0144880437,0.104909265,0.6238451031,0.6790389115,-0.6996165406,-0.925680577,0.0181938699,-0.094136729,-0.2405648493,-0.6453780122,-0.5654332955,-0.489662219,-0.2349608078,-0.741282882,-0.3609962559,-0.2754512827,-0.2895232153,-0.6663303891,-0.621422701,-0.5466301788,-0.732925894,0.7046295833,-0.2937150753,-0.5626357536,0.6188560373,0.1301866808,0.3521585288,0.1438526181,0.4146331832,-0.0241320424,0.149886392,-0.4570953147,0.4608875336,0.3864923646,0.6286401473,0.4817656356,-0.0047148659,0.7261216837,-0.5912250662,0.4356777802,-0.0626305643,0.1728073897,-0.1875986181,-0.0479264031,0.3689191346,0.7796684876,0.1533904101,0.4333740779,0.1693045921,0.5524219375,0.2462397444,0.498524054,0.6359222754,-0.2566123692,0.6035988125,0.5174390124,-0.2488799034,-0.3161049259,-0.2897911997,-0.2775971046,-0.6237296943,0.5436229869,-0.4053998866,0.5423160433,0.5350340066,-0.2062763788,0.3262044686,-0.2058098907,0.3649652892,-0.5750864886,-0.0806419391,0.2805778162,-0.0514319254,0.4092258636,-0.1712540406,-0.3062015878,-0.3912505057,-0.4602316572,0.0706793806,0.5701164832,-0.0748659548,-0.2213555578,0.3766248638,0.375176575,0.0614841848,0.0988979341,0.2619386031,0.1478874719,0.0548472303,0.1064995019,-0.254512252,-0.4603684763,0.3091064517,0.2943654696,-0.0905836539,-0.047391363,0.1814742594,-0.0135327488,-0.1189159634,-0.0369752083,-0.1939652973,0.150202865,0.1313665965,-0.0495245251,0.6203746539],[0.4718185289,-0.291942046,0.4210529944,0.7100183206,0.4381504866,0.1918495068,0.4073298875,0.7150358503,0.8650858462,0.6256502722,1.0,0.7090257818,0.7279032618,0.2673734969,0.2749581539,0.1656498034,-0.6945312131,0.3061654076,0.0740944844,0.353572722,0.3922740234,-0.4657655809,-0.6637852128,-0.2090657041,0.0423061172,-0.4874655042,-0.1060054801,0.1666388029,-0.3330153562,0.0354252313,-0.5811456667,-0.3359611142,-0.379352798,-0.2017546437,-0.3128540139,-0.359324737,0.202959885,-0.711931975,0.4406484066,-0.526534256,-0.7689636671,-0.0092279248,0.3899993968,0.1063016527,-0.2912627829,-0.1648775986,-0.2713578181,0.4243032763,-0.7610683212,0.5793771687,-0.1508130207,0.2977799751,0.3845279352,-0.048408163,0.5070294963,-0.3422091561,0.3016920335,0.4616547585,0.3122880852,0.1287439519,0.4770343984,0.5995232969,0.2323033738,0.6759194027,0.3255213833,0.4988160693,0.5610545352,0.3153859212,0.3718231354,0.6178797633,-0.0578253355,0.6110506821,0.5858661352,0.1582796415,0.0843509945,0.0678734552,0.0051235665,-0.996869156,-0.3113331288,-0.5150730046,-0.2050636504,-0.2177287593,-0.4076201383,-0.3491055241,-0.4844954066,-0.1893490696,-0.6797859336,-0.6576128119,-0.4110236515,-0.1796401457,-0.3060865117,-0.6965551355,-0.6535983804,-0.6104716859,-0.8295833537,0.2589236314,0.7506417727,0.2505312215,0.1487046871,0.5106115223,0.5672920408,0.4832648127,0.5687811617,0.5495534812,0.3595882191,0.401038046,0.5836744647,0.0354139475,-0.10694156,0.3925779207,0.4470518731,0.3054439157,0.4730065538,0.511853583,0.136309766,0.2265723434,0.4917774424,-0.3032948969,0.5274505789,0.565377387,0.5032048485,0.7364819769],[0.5998152883,-0.010846715,0.7661440162,0.6502184248,0.8371179488,0.3508124664,0.5445583105,0.6512007526,0.7125045242,0.7847332622,0.7090257818,1.0,0.5603739042,0.6370261645,-0.2210159125,0.3843598574,-0.6862784315,0.1654008516,-0.0578526695,0.6788329108,0.7372863133,-0.7331680217,-0.7581373171,-0.0776607501,-0.1180707772,-0.2494277606,-0.5772450505,-0.2596036433,-0.3371451536,0.3101098681,-0.6275650743,-0.495018482,-0.3902839844,-0.3107597786,-0.5623892736,-0.6094344868,-0.2299288541,-0.6717806642,0.7476860082,-0.407531996,-0.4145704076,0.5067737157,0.4648223081,0.6850258727,-0.0623443586,0.2721349181,0.0203966614,0.486470455,-0.4290113303,0.6770877872,0.5900058508,0.7913570429,0.6377214645,-0.1105940302,0.7767773566,-0.2744121043,0.5474088092,0.2981511583,0.6098012608,0.0864049612,0.311963267,0.545014135,0.6031486844,0.4329954716,0.7984046736,0.324920813,0.7363463927,0.403610471,0.7746399043,0.7130204425,-0.3556529498,0.7169982068,0.7295514228,-0.2305684189,-0.304740556,-0.3100996196,-0.2267337428,-0.7123157479,0.1855761391,-0.4083866536,0.2225683668,0.2224276014,-0.3306573497,0.0811363127,-0.4599179444,0.5556129516,-0.6963269395,-0.2854380038,-0.0529004656,-0.1307534349,0.0831149629,-0.4532317263,-0.4924325839,-0.613365947,-0.5635621774,0.2533197327,0.6336673127,-0.13024899,-0.1468735259,0.3212827562,0.3423649214,0.05787395,0.1954550942,0.4545126776,0.0220770292,0.069639185,0.2076175875,-0.4548022292,-0.5325152823,0.061351049,0.0842959214,-0.2308669709,-0.0674503358,0.2922847825,-0.2936521127,-0.2535195719,-0.0510772397,-0.3781441508,0.2919550203,0.4337759562,0.0677188121,0.8105217946],[0.168436641,-0.5295065385,0.3420941436,0.2842396228,0.1830557849,0.2823836494,0.4242125408,0.2971290005,0.6380859066,0.7050771264,0.7279032618,0.5603739042,1.0,0.2334738093,-0.1091603593,-0.1832055488,-0.5762525676,0.0252514224,0.0626130952,0.1677285204,0.2646969006,-0.3029070122,-0.6490278706,0.023768421,0.0377365951,-0.2666461575,-0.2044895634,-0.0953751971,-0.2497709371,-0.1517422492,-0.3791820434,-0.1038472785,-0.2446701674,-0.1343286827,-0.0808917349,-0.1891699549,-0.0678909175,-0.5376903547,0.3361003667,-0.2067327713,-0.6483492356,0.1979216334,0.1576700221,0.0531320322,0.0546082763,0.020102836,0.1574003326,0.1885797337,-0.4984566209,0.2305687106,-0.0466814432,0.2387341138,0.1346517282,0.0527568552,0.3356723345,-0.575600273,0.1320090698,0.0302599887,-0.0027477986,0.0513571945,0.049290318,0.1940147881,0.1059032418,-0.0132314931,-0.0511354048,0.0419643582,0.2854594462,0.1259248642,0.1107750355,0.4004549021,-0.0458664864,0.3944849417,0.2691067875,0.0155243117,-0.0288049086,-0.0083487124,-0.0437781701,-0.7301340284,0.072987449,-0.1588091553,0.0704359806,0.0586537623,-0.3079367764,-0.0431904845,-0.0974439801,-0.0761027918,-0.4183126142,-0.2413502265,-0.1013913527,-0.0673064086,-0.0000373101,-0.021135552,-0.109334457,-0.1925693842,-0.5118157008,0.1406790135,0.5380555885,0.2356350595,0.031399921,0.4456241476,0.4440602855,0.3252254343,0.3523662824,0.3582142367,0.3867864072,0.3940072112,0.3636090048,0.122710952,-0.1256686936,0.4322072476,0.4113297964,0.2302021769,0.3044116659,0.357898369,0.2748861054,0.3325242864,0.3188449211,-0.1592969656,0.2233767561,0.2984682298,0.212687125,0.4682151848],[0.7353377233,0.1864222132,0.7370225592,0.3857699485,0.6374058952,0.1414886747,0.4318538042,0.3944247258,0.3958236094,0.6231298067,0.2673734969,0.6370261645,0.2334738093,1.0,-0.4836337617,0.0686648791,-0.5973400954,-0.1683804918,-0.2626242093,0.8808509661,0.9118591238,-0.7405762327,-0.6365416431,-0.1609584565,-0.3401369872,-0.2955312633,-0.7562587055,-0.5658604127,-0.3727579888,-0.0278435181,-0.5526458282,-0.6534893123,-0.3583636141,-0.3701115104,-0.6567881189,-0.6160381031,-0.5380648847,-0.6092958487,0.9113194792,-0.2315100238,-0.0714044827,0.6433905556,0.2926854715,0.5910650697,-0.0831603663,0.4673785247,0.1350399259,0.317850134,-0.2501706025,0.7304313033,0.5898968534,0.8669146128,0.7970115596,0.0635970467,0.8623578371,0.0178032707,0.6958983682,0.2275139044,0.546392156,0.1972010535,0.2413103206,0.5467694029,0.6640422791,0.1385569135,0.598509101,0.2356357849,0.7854877303,0.2510226874,0.5982217463,0.7933437071,-0.5830904102,0.7330357403,0.7142587812,-0.5065416321,-0.5513292867,-0.5384515257,-0.3767352341,-0.2821544124,0.4467202504,-0.2238300862,0.512646087,0.5243250695,-0.307053279,0.366929554,-0.4472840233,0.5575281914,-0.5835589125,0.0618308493,0.2239518721,0.0748211789,0.3641055093,-0.1699348123,-0.172151787,-0.3925824837,-0.342841872,-0.0677767616,0.4084215986,-0.2249129017,-0.165916092,0.2085474061,0.2492995102,-0.1127691722,-0.0158495099,0.2265060469,-0.1794140802,-0.0652624067,-0.0042913803,-0.6151538373,-0.6155944306,-0.159645297,-0.1003838729,-0.4722032469,-0.3936768581,-0.1232736407,-0.5688074269,-0.4809056596,-0.3774273732,-0.4402656914,0.0824488028,0.1318899175,-0.0342265937,0.5951016935],[-0.1108627999,0.0972466741,-0.5076375231,0.3216942396,-0.135413553,-0.3972983452,-0.0106824193,0.323533416,0.0980977448,-0.5777048071,0.2749581539,-0.2210159125,-0.1091603593,-0.4836337617,1.0,0.5135048898,0.235286711,0.30593347,-0.0618467494,-0.3922462903,-0.4209689962,0.368450607,0.4438137851,-0.2494222964,0.1575242951,-0.2134039313,0.6808023577,0.8672600134,0.2605685141,0.3284320739,0.3055863102,0.0862630114,-0.0633836063,0.1406668483,0.4887134295,0.3852517236,0.8827561834,0.1573206812,-0.4023053405,-0.1939388533,-0.1109974698,-0.7725911553,0.2470766412,-0.3185751136,-0.4866574098,-0.6838349868,-0.2561294522,0.2596007752,-0.2320311626,0.0431327663,-0.627788077,-0.4554187002,-0.1836721983,-0.0558537061,-0.3606418024,0.3752290379,-0.2168371321,0.564074536,0.1207580369,0.369767888,0.5624234864,0.1780093586,-0.7164176054,0.5197905607,-0.1870470569,0.3157374122,-0.0871119815,0.0291776139,-0.2196502022,-0.1343900543,0.2444302861,-0.0961169498,-0.0176494661,0.4611939855,0.4662549521,0.4163458593,0.3386742778,-0.2745962887,-0.9962938066,-0.0379367571,-0.8794449646,-0.8835502069,-0.1797677419,-0.7612725903,-0.2554268592,-0.6423268161,-0.0075812126,-0.5854135609,-0.7766155772,-0.1255377095,-0.8233860657,-0.5202979723,-0.3064794204,-0.1602582354,-0.3002769005,0.1871050996,0.085759128,0.3470939294,0.4230845494,0.0648426912,0.1278767787,0.4250154849,0.4686262599,0.2497283492,0.185853659,0.3463598719,0.4751258179,0.3436243523,0.4504941201,0.0242204328,0.1022408256,0.4270088875,0.548720376,0.3099345046,0.1516618844,0.3779479712,0.5559056944,-0.0764433904,0.3719917827,0.4299709652,0.5869470697,0.0079925053],[0.2011002922,0.4685417262,0.0433235242,0.4966995422,0.5774298162,-0.1790380955,0.3152093374,0.4941487124,0.1274715112,-0.2702945926,0.1656498034,0.3843598574,-0.1832055488,0.0686648791,0.5135048898,1.0,0.0941532344,0.2371557073,-0.2543774089,0.1317891107,0.1390987367,-0.1023802575,0.1995396228,-0.1531963268,-0.0440211467,-0.0305668065,0.060497091,0.4324600298,0.2073178472,0.828883924,0.1286818336,-0.2383441004,-0.2006527399,-0.0573145561,0.113617238,-0.0232690288,0.4512303008,0.0457873208,0.1169216978,-0.1988826628,0.1959399451,-0.1331304886,0.5246487523,0.540716088,-0.3153216731,-0.1939769683,0.0661443862,0.5299702058,0.0140957051,0.3696641365,0.3452043141,0.2985732552,0.2805941189,-0.1741261245,0.1273834452,0.4598985593,0.20693231,0.558301559,0.6939208427,0.4173368897,0.5582894858,0.3000482641,-0.2213463032,0.4423265926,0.5971408036,0.2558187365,0.3260271247,0.2573462534,0.4612397665,0.1640944476,-0.1785070309,0.2218717034,0.3670322183,0.0017213155,-0.0128907613,-0.0600230486,0.0547283768,-0.1743075659,-0.5182514992,-0.0287812786,-0.4559995218,-0.4454482576,-0.2140515828,-0.3531460756,-0.4088620514,0.3230912203,-0.2282561191,-0.3182834098,-0.4980417674,-0.124963299,-0.477199173,-0.4483347325,-0.3042282288,-0.3686032564,-0.1894834621,0.2878421292,0.1350249221,-0.0964632147,0.0979804542,-0.065396687,-0.0292345968,-0.0056971291,0.1516023976,0.3124943491,-0.19288216,0.0218676457,0.1594634663,-0.3340792853,-0.1460556182,-0.3700458854,-0.310473903,-0.2283155246,-0.0403798474,0.1785578619,-0.4438185337,-0.2226855362,-0.0300621804,-0.2983286899,0.231707743,0.4758726298,0.1769792756,0.3360721747],[-0.5708654386,0.1297240091,-0.684033293,-0.5476092722,-0.5084594887,-0.2656203439,-0.4341330098,-0.550742064,-0.6207510301,-0.7795521891,-0.6945312131,-0.6862784315,-0.5762525676,-0.5973400954,0.235286711,0.0941532344,1.0,-0.0224111249,-0.220731131,-0.5635585791,-0.5945618958,0.6584739281,0.7584523479,0.0700899555,0.1344817761,0.3902100167,0.4860607535,0.2710648509,0.6279921295,0.1231851692,0.6996052592,0.476543517,0.3722189378,0.1492417787,0.5462039166,0.5819568565,0.2431803319,0.9657035674,-0.6464376648,0.3981702441,0.5028886198,-0.4231519631,-0.3178216333,-0.3013157069,0.1210019579,-0.1992489554,0.0755728026,-0.3426276571,0.8222672927,-0.6162035391,-0.1737871377,-0.5226040775,-0.5318434307,0.0429575399,-0.679374958,0.2962125977,-0.5279785279,-0.2706734228,-0.3353019102,-0.0769708555,-0.2839952423,-0.473031134,-0.5856849456,-0.3934933533,-0.4109790581,-0.3396280069,-0.6264193087,-0.0799196605,-0.5090400766,-0.7046247669,0.0841051597,-0.6283994323,-0.5970221799,-0.011809232,0.0524652887,0.0186227843,-0.0232755794,0.6984112508,-0.2000072974,0.4520112003,-0.2311053139,-0.2282768534,0.3093376486,0.0366862963,0.351469909,-0.1435164851,0.6408882517,0.3330933645,0.0315748947,0.0204904156,-0.1688094628,0.4146197821,0.3871672207,0.5644937407,0.8551635957,0.0158695712,-0.4859326296,-0.0593262079,-0.0076773637,-0.4664299604,-0.4879799055,-0.2394557362,-0.3200305201,-0.4108726103,-0.1869157648,-0.2188174997,-0.3314184586,0.2366636964,0.3407397465,-0.2653269383,-0.2805810171,0.0213066936,-0.097899582,-0.2325831344,0.1096349856,0.0619507952,-0.1130370571,0.3715469966,-0.1414871415,-0.2287601019,-0.1846646889,-0.9049079804],[0.0462205312,-0.0522403167,-0.0261339699,0.2444691289,0.1095014961,0.0408252886,-0.0338541542,0.224190289,0.3393967941,0.0144880437,0.3061654076,0.1654008516,0.0252514224,-0.1683804918,0.30593347,0.2371557073,-0.0224111249,1.0,-0.1102003013,-0.0898422441,-0.1141554517,-0.0308404555,-0.0634408877,-0.1414203164,0.4477161797,-0.2055032998,0.1659636193,0.2347963896,0.0141389734,0.1372626784,-0.1619956977,-0.0003557168,0.2191797168,-0.2348475076,-0.0696885496,-0.0657315054,0.2208313064,-0.0589811057,-0.1352697517,-0.2123001505,-0.2590910273,-0.2308661682,0.0928136116,-0.0406142399,-0.1454294412,-0.0089284408,-0.3087571196,0.0709703952,-0.1714672897,0.1144406368,-0.1231737841,-0.0770552135,-0.0784930272,-0.1211609862,-0.1091590428,-0.0622889662,-0.0620326764,0.178733696,0.0851254261,-0.0607251018,0.1649074026,0.1451566846,-0.0051107879,0.4206130197,0.1808332629,0.672505515,-0.0289959992,0.2317302405,0.1354257062,-0.0141870237,-0.072516721,0.0232018013,0.072209561,0.2676570732,0.1813416887,0.0880400822,-0.1117106892,-0.2836932176,-0.290667806,-0.3289064272,-0.1879505352,-0.2258676499,0.1534153326,-0.2125471479,-0.193023224,-0.107782885,-0.0988804133,-0.3386417545,-0.0489565906,-0.2311437496,-0.3356309619,-0.3905446013,-0.4744970646,-0.2491125351,-0.1747539446,0.7654289469,0.3163285682,0.3013019762,0.3053996791,0.2987591926,0.3352807843,0.3852313057,0.3896517977,0.3718744359,0.3487504545,0.2898677963,0.383213518,0.1117006574,0.1048616343,0.1221057766,0.1585564811,0.2087332208,0.2604034862,0.2645741269,0.1407446598,0.1076102822,0.2517939113,-0.2797258292,0.3317072025,0.4135895698,0.1317474807,0.1296227958],[-0.1643422736,-0.1002582454,0.0412795496,-0.0063486936,-0.1028151267,-0.0338532001,-0.0403717758,-0.033520549,-0.1876445774,0.104909265,0.0740944844,-0.0578526695,0.0626130952,-0.2626242093,-0.0618467494,-0.2543774089,-0.220731131,-0.1102003013,1.0,-0.2770346901,-0.2290504715,0.0360779441,-0.0268216896,0.2199276242,0.110523889,0.2011197069,0.1266242437,0.0502331722,-0.4701042422,-0.1064213146,-0.1376811044,0.0203938899,0.1739025723,0.4566357632,0.0216884387,-0.0321975355,0.0172794248,-0.1513758546,-0.1561884655,-0.0775814872,-0.1555957374,-0.0188654223,-0.1104416737,-0.1788249643,-0.0894558504,-0.0067374174,-0.1335732006,-0.1504367757,-0.2471878018,-0.2286451471,-0.1633607325,-0.272737433,-0.2533629559,-0.1475119791,-0.062558421,-0.0494907878,0.075389183,0.0185218805,-0.0800962561,-0.0026048302,-0.0049929944,-0.2626525859,0.097342257,0.0393923369,-0.1156558116,-0.0835727018,-0.1944890542,-0.3703190556,-0.0334111515,-0.0497166695,0.7602922776,-0.3119398677,-0.2174914848,0.6076367148,0.6578381506,0.731260857,0.7321109368,-0.0442190786,0.0877924871,-0.1873528081,-0.0144909547,-0.0187967702,0.3663324611,-0.2290172396,0.1864269043,-0.1267256124,0.2022828406,-0.1292154812,0.0893237822,-0.1555735953,0.1926074863,0.0055923525,-0.073106903,-0.0483742353,-0.1603838864,-0.1414906206,-0.3522742367,0.2224158519,0.1981658382,0.2480019232,0.1964913018,0.251114945,0.1980274849,0.1425747215,0.2261586377,0.2047526064,0.1838706628,0.3683530276,0.3757207437,0.4935501885,0.4060965474,0.3997183703,0.3830157579,0.3780320777,0.3720984329,0.3890451401,0.3640767272,0.1357734241,-0.2078314711,-0.1100695119,-0.0155124455,0.0971474275],[0.7533875948,0.1834396657,0.7364020735,0.464477886,0.6724980514,0.1755271307,0.3638817447,0.47842203,0.4732256101,0.6238451031,0.353572722,0.6788329108,0.1677285204,0.8808509661,-0.3922462903,0.1317891107,-0.5635585791,-0.0898422441,-0.2770346901,1.0,0.9710978832,-0.8238788995,-0.7257292064,-0.3914009183,-0.3378836773,-0.3131283394,-0.7633713013,-0.5923421217,-0.2278523137,-0.1001878662,-0.5624957911,-0.7146928217,-0.46679099,-0.3899511788,-0.8233653717,-0.762574668,-0.5550157258,-0.6364759419,0.9374545929,-0.3368225182,-0.1805417295,0.5419074739,0.2650187553,0.5469253905,-0.1467049769,0.4033838009,-0.0720870414,0.3042077787,-0.2752362942,0.7905657086,0.5506572849,0.8874385027,0.9024091231,-0.0798259159,0.9242086364,-0.0083359993,0.6679999765,0.2705397027,0.5601882431,0.1149397473,0.29022528,0.7151334025,0.7237501925,0.3351729372,0.6974394119,0.2743509825,0.8885032911,0.4667811456,0.7109172568,0.7914576991,-0.6381503742,0.8323358811,0.8591291506,-0.576794827,-0.6499293847,-0.6446626581,-0.4963385744,-0.3740002399,0.3514384508,-0.3500731103,0.5347656973,0.5459424576,-0.4116009308,0.4532344519,-0.4881872416,0.508334576,-0.7097482543,0.0739271396,0.1755066103,0.1129744684,0.3770653445,-0.3712774118,-0.3743203865,-0.5701746314,-0.3592978733,0.0116014592,0.4767328184,-0.3607175297,-0.3149271163,0.0657969275,0.1631510163,-0.1960791468,-0.1019713616,0.1146107684,-0.3112001937,-0.2278174074,-0.0862444536,-0.6115939217,-0.6146385608,-0.1582679151,-0.0242018147,-0.4144348204,-0.3423276969,-0.0882768619,-0.5494557293,-0.5091951439,-0.3210739332,-0.2469242031,0.162766808,0.1277628052,0.0032393423,0.5879707858],[0.7994087847,0.1556999993,0.7723033256,0.4799156486,0.7063881967,0.176814957,0.430418995,0.4916372111,0.5129044146,0.6790389115,0.3922740234,0.7372863133,0.2646969006,0.9118591238,-0.4209689962,0.1390987367,-0.5945618958,-0.1141554517,-0.2290504715,0.9710978832,1.0,-0.8350239814,-0.754174503,-0.3330026489,-0.310273074,-0.2412598303,-0.7717650865,-0.5913076151,-0.3125222338,-0.0602441265,-0.5853899179,-0.725089585,-0.4514716083,-0.3569043159,-0.7871295343,-0.7445684736,-0.5561113016,-0.6506875685,0.9863133791,-0.3438855601,-0.2097735868,0.5763884531,0.279406516,0.5819286029,-0.1515986899,0.4193454837,-0.0142377321,0.3152463598,-0.2878181449,0.809424733,0.5872174819,0.9161206131,0.8666036461,-0.094336751,0.9604925655,-0.0275053454,0.7071490662,0.283168914,0.5938328927,0.1653205093,0.301126235,0.7197549725,0.7150563683,0.2869675187,0.6967225906,0.246409749,0.8818789973,0.4760302856,0.713762149,0.8411515619,-0.6077734738,0.8084647726,0.8399285704,-0.5596571596,-0.6183311515,-0.602410867,-0.42976784,-0.4087755652,0.3792690543,-0.3615730715,0.53563506,0.5461267616,-0.3886424816,0.4141756401,-0.5142990654,0.5469365873,-0.7040776698,0.0541775464,0.1828945853,0.0628609912,0.3911830336,-0.3219911503,-0.3507429047,-0.5456565265,-0.3746342017,0.019179327,0.5084409478,-0.2700900889,-0.2277248321,0.1803445052,0.264691288,-0.1042291423,-0.0123813817,0.2272286021,-0.2134174279,-0.1125625476,0.0023379786,-0.5592263726,-0.5672538585,-0.0633545529,0.0491753412,-0.3585735838,-0.2781541327,0.0175672446,-0.4936404568,-0.4206321897,-0.2582153162,-0.3081152868,0.2057372956,0.2246254966,0.0240463354,0.6210324915],[-0.7423333297,-0.3519406484,-0.9258004307,-0.6919551902,-0.8113390811,-0.3840337432,-0.6776319086,-0.6971733345,-0.524291009,-0.6996165406,-0.4657655809,-0.7331680217,-0.3029070122,-0.7405762327,0.368450607,-0.1023802575,0.6584739281,-0.0308404555,0.0360779441,-0.8238788995,-0.8350239814,1.0,0.7994368465,0.4009200829,0.1750029135,0.1903914479,0.6815803988,0.5732611499,0.3518024973,0.1310080117,0.6200402231,0.7460654861,0.4851844924,0.4310662021,0.8180581825,0.795171857,0.5367604986,0.7290649277,-0.8198283563,0.6619243185,0.3631454282,-0.4544932723,-0.1700259222,-0.4549336936,0.2511119004,-0.3078020722,0.1734918077,-0.2120050268,0.4326097901,-0.7534337164,-0.4981348274,-0.841404918,-0.7442219591,0.157455744,-0.848131375,0.0585996396,-0.6927193039,-0.3098075198,-0.5622946863,-0.155187798,-0.3282396283,-0.645656109,-0.7099386118,-0.3534335795,-0.6639367887,-0.3388022828,-0.8166984027,-0.4330154436,-0.7221249024,-0.7953889197,0.3978361771,-0.799372445,-0.7952236422,0.4761247866,0.4941912071,0.4647712989,0.2942633227,0.4815036966,-0.3268394124,0.3855517332,-0.5278582525,-0.5288016231,0.4030151249,-0.3785970924,0.5178290383,-0.456952991,0.7515719496,-0.0073069689,-0.1442420046,-0.1637849328,-0.3345159959,0.3884118694,0.44161695,0.6244409215,0.4641695688,-0.1146674082,-0.4759557209,0.3734125709,0.2603526341,-0.1587332461,-0.2585811286,0.0644350235,0.0074938524,-0.1921896424,0.2268114061,0.1290144086,-0.0078265951,0.5767417322,0.490520224,-0.0349849739,-0.1645065051,0.2171220712,0.1669461757,-0.0995602123,0.4051885686,0.3294906938,0.1464859067,0.1820108647,-0.1202060899,-0.2092255937,0.066875746,-0.6655294119],[-0.5831620488,0.2805243485,-0.7255406618,-0.4097834153,-0.4868113969,-0.3701774883,-0.3452002168,-0.4211238025,-0.7119472154,-0.925680577,-0.6637852128,-0.7581373171,-0.6490278706,-0.6365416431,0.4438137851,0.1995396228,0.7584523479,-0.0634408877,-0.0268216896,-0.7257292064,-0.754174503,0.7994368465,1.0,0.3596805981,0.1132613242,0.3320187104,0.6613178698,0.6264299521,0.426467823,0.3841990047,0.7341378768,0.5477865435,0.412930393,0.3847703196,0.8103998275,0.7770067712,0.59495145,0.811247266,-0.7719051032,0.4109768258,0.6443069619,-0.4549774998,-0.06693886,-0.2594570512,0.0496994444,-0.3393515478,0.1887486174,-0.106099221,0.5372091464,-0.6048356382,-0.3068218586,-0.6620974983,-0.6230717652,0.0911945454,-0.8048392331,0.4729529954,-0.4840807012,-0.0780519734,-0.247101449,0.0873796655,-0.098490903,-0.5584648376,-0.7234495309,-0.2688268762,-0.4420357729,-0.2499560858,-0.697306378,-0.4044767515,-0.5754977364,-0.7265064159,0.379826562,-0.7363207815,-0.6899833254,0.3169937758,0.4023379718,0.3863729378,0.3818547684,0.6706375936,-0.4026923307,0.5040413595,-0.5914406552,-0.5826677664,0.3463040218,-0.4041735342,0.3569150469,-0.2720595199,0.7012498118,0.0276320991,-0.2377450103,-0.0199366483,-0.4148427438,0.3002546639,0.4176619153,0.5564655756,0.5146745752,-0.1370314312,-0.6304608504,0.1294811344,0.2627655956,-0.2924244633,-0.3841714841,-0.0628664329,-0.0809188018,-0.2077739936,-0.0313732512,0.0046530068,-0.0939409141,0.26076511,0.4460359892,-0.2647257446,-0.3736015487,0.0349562222,0.01313729,-0.1722131103,0.0813408978,0.1309400068,-0.0041408371,0.1228794953,-0.1780632788,-0.1660331137,-0.0116017726,-0.6317282288],[-0.3411288691,-0.0732824599,-0.0269036907,-0.2448486285,-0.1035183464,0.210327107,-0.05058971